344,79241472,53.038358199999998,4.8695092000000004,15,-9.25,5.2400000000000002,5.2000000000000002
344,79241798,53.057518199999997,4.9181812000000003,18,-1.55,15.52,-1.02
344,79242095,53.052734200000003,4.9646853999999996,43,-1.77,16.039999999999999,-0.96999999999999997
344,79242393,53.0514115,5.0072774000000004,28,-6.4000000000000004,14.02,1.6200000000000001
344,79242696,53.0452066,5.0487251000000004,85,8.8800000000000008,7.29,-2.6299999999999999
344,79242991,53.037904099999999,5.0866908999999998,350,-1.01,11.869999999999999,3.3399999999999999
344,79243294,53.037301300000003,5.1139513000000001,281,-1.53,-9.6600000000000001,-1.1799999999999999
344,79243621,53.038645699999996,5.0906026999999998,205,-0.54000000000000004,1.9399999999999999,2.8700000000000001
344,79243917,53.041361100000003,5.0752138999999996,60,-4.3700000000000001,-3.6200000000000001,3.1099999999999999
344,79244223,53.0452187,5.0599930000000004,78,-1.9299999999999999,-2.29,3
344,79244527,53.050007700000002,5.0334792000000004,4,0.79000000000000004,-0.71999999999999997,0.37
344,79244878,53.048650799999997,5.0484499999999999,-7,-0.87,-1.47,-0.26000000000000001
344,79245188,53.046025299999997,5.0660265000000004,-1,4.5499999999999998,5.9400000000000004,-7.1299999999999999
344,79245488,53.043285400000002,5.0445973999999998,-1,7.1100000000000003,3.5299999999999998,-8.4000000000000004
344,79245798,53.040701499999997,5.0383842999999997,-9,-0.72999999999999998,-1.3700000000000001,0.12
344,79246096,53.042777800000003,5.0325626000000003,-3,0.13,-0.66000000000000003,0.34999999999999998
344,79246404,53.043801999999999,5.0285852999999996,-10,-0.27000000000000002,-1.03,0.42999999999999999
344,79246708,53.046554200000003,5.0223016999999999,-8,-1.6000000000000001,-5.3399999999999999,2.1400000000000001
344,79247010,53.049835999999999,5.0161194,-6,-0.20000000000000001,-0.27000000000000002,0.72999999999999998
344,79247312,53.0508764,5.0122093999999997,-11,-0.25,-0.57999999999999996,-0.19
344,79247629,53.0445499,5.0309476999999996,150,4.5199999999999996,14.1,-2.7599999999999998
344,79247937,53.043262900000002,5.0790021999999997,154,8.0099999999999998,10.94,-5.5899999999999999
344,79248244,53.031734899999996,5.1192650000000004,252,6.8899999999999997,6.2699999999999996,-9.1500000000000004
344,79248544,53.009860400000001,5.1571224999999998,662,-2.77,-3.2000000000000002,0.90000000000000002
344,79248847,52.998850699999998,5.1637975999999997,-14,-1.4199999999999999,-0.56000000000000005,-0.029999999999999999
344,79249148,52.998826399999999,5.1638070000000003,-6,-0.080000000000000002,0.16,-0.13
344,79249466,52.998822400000002,5.1637487999999996,-4,0.10000000000000001,-0.02,0.32000000000000001
344,79249765,52.998810200000001,5.1637759000000001,-1,0.53000000000000003,0.58999999999999997,0.089999999999999997
344,79250067,52.998696500000001,5.1637627999999998,-4,0.10000000000000001,-0.02,0
344,79250367,52.9987128,5.1637559,-5,-0.38,-0.23999999999999999,-0.20000000000000001
344,79250675,52.998698699999998,5.1637322000000001,-3,-0.37,-0.029999999999999999,-0.39000000000000001
344,79250980,52.998698900000001,5.1637247000000004,-3,-0.059999999999999998,-0.059999999999999998,0.01
344,79251322,53.005170399999997,5.1762439000000002,-8,-4.5099999999999998,5.0700000000000003,3.4700000000000002
344,79251621,52.998145399999999,5.1645935999999999,-5,0.39000000000000001,0.17999999999999999,0.28999999999999998
344,79251957,53.0097266,5.1851611999999996,4,-6.5099999999999998,8.8900000000000006,3.02
344,79252249,53.0039461,5.1741447000000003,-2,0.26000000000000001,0.20000000000000001,-0.059999999999999998
344,79252538,53.0039558,5.1741298999999996,-2,0.22,0.14999999999999999,0.01
344,79252830,53.003965800000003,5.1741599000000003,-6,-0.050000000000000003,-0.10000000000000001,0.02
344,79253131,53.003934800000003,5.1741583000000002,-2,0.29999999999999999,0.11,0.10000000000000001
344,79253473,52.996899999999997,5.1605789,-10,6.0700000000000003,-8.1199999999999992,-3.7200000000000002
344,79253779,52.995602900000002,5.1580139000000003,1,-6.2800000000000002,8.5600000000000005,4.8499999999999996
344,79254082,53.014076299999999,5.1926760999999999,-9,0.25,-0.040000000000000001,0.22
344,79254397,53.014122399999998,5.1926278000000003,-10,0.44,0.070000000000000007,0.28000000000000003
344,79254754,53.006529800000003,5.1583443999999998,-6,-2.9399999999999999,-7.0800000000000001,3.5
344,79255059,53.024009200000002,5.1370218999999997,-4,-4.5099999999999998,-7.3499999999999996,3.6600000000000001
344,79255372,53.032324899999999,5.1108772,11,1.6299999999999999,-5.4500000000000002,1.04
344,79255664,53.0374938,5.0828702000000003,-16,4.2000000000000002,-6.7999999999999998,-2.6699999999999999
344,79256000,53.042890800000002,5.0531860999999996,0,0.029999999999999999,-5.6799999999999997,2.3199999999999998
344,79256305,53.046525600000002,5.0225217000000004,-14,0.39000000000000001,-7.2800000000000002,2.1800000000000002
344,79256606,53.058429099999998,5.0102069,-18,-0.28999999999999998,0.40999999999999998,0.080000000000000002
344,79256911,53.053203400000001,5.0315019999999997,-28,-3.1099999999999999,-1.01,-0.77000000000000002
344,79257224,53.052149700000001,5.0364057000000004,-16,-0.01,0.37,0.040000000000000001
344,79257517,53.052055500000002,5.0379697999999999,-16,0.47999999999999998,0.56999999999999995,-0.01
344,79258311,53.050953100000001,5.0432126999999998,-13,0,0.63,-0.20000000000000001
344,79258610,53.056100499999999,5.0272109,58,-2.1499999999999999,-4.1500000000000004,2.21
344,79258920,53.050812899999997,5.0284236,31,5.9299999999999997,2.5099999999999998,-3.6400000000000001
344,79259210,53.064268800000001,5.0426900999999997,2,0.39000000000000001,0.20999999999999999,0.17000000000000001
344,79259605,53.064267299999997,5.0426618000000003,-10,0.25,0.22,0.040000000000000001
344,79259958,53.0553946,5.0493392000000004,142,1.5700000000000001,12.869999999999999,1.6200000000000001
344,79260418,53.042756400000002,5.0496407000000003,-5,2.3700000000000001,0.45000000000000001,-3.4500000000000002
344,79260724,53.038454299999998,5.0641708000000003,-15,3.8700000000000001,8.7899999999999991,-6.0599999999999996
344,79261326,53.036353400000003,5.0903226000000004,-8,0.070000000000000007,0.96999999999999997,-0.60999999999999999
344,79262094,53.026471200000003,5.1578305000000002,146,-4.7199999999999998,12,4.0700000000000003
344,79262236,53.013867300000001,5.1786504000000004,28,9.7400000000000002,10.609999999999999,-8.3300000000000001
344,79262250,53.0124335,5.1811550000000004,27,7.6200000000000001,13.949999999999999,-7.0300000000000002
344,79262265,53.010671100000003,5.1828285999999997,14,9.9299999999999997,7.9000000000000004,-9.5399999999999991
344,79262282,53.008903500000002,5.1831797999999996,0,8.2899999999999991,-1.6799999999999999,-7.7599999999999998
344,79262298,53.008210400000003,5.1821169999999999,0,2.27,-4.4400000000000004,-0.56999999999999995
344,79262313,53.007599900000002,5.1808984999999996,-4,4.5300000000000002,-5.9100000000000001,-3.3199999999999998
344,79262428,53.0108769,5.1867951999999997,-7,0.10000000000000001,0.029999999999999999,0.23000000000000001
344,79262442,53.010879600000003,5.1867844999999999,-8,0.38,-0.11,0.25
344,79262458,53.010876500000002,5.1868004000000001,-7,0.26000000000000001,0.23999999999999999,0.39000000000000001
344,79262475,53.0108733,5.1867761999999997,-11,0.089999999999999997,0.23999999999999999,0.45000000000000001
344,79262490,53.010863200000003,5.1868110999999999,-7,0.01,-0.14999999999999999,0.45000000000000001
344,79262506,53.010856799999999,5.1868271000000004,-7,0.42999999999999999,0.55000000000000004,0.11
344,79262779,53.010879600000003,5.1867859000000003,-10,-0.51000000000000001,-0.51000000000000001,-0.23000000000000001
344,79263534,53.0107687,5.1867934,-3,0.059999999999999998,0.22,-0.17000000000000001
344,79264254,53.010782300000002,5.1867720999999998,-7,0,0.01,-0.01
344,79264573,53.010783099999998,5.1867627000000001,-5,0,-0.089999999999999997,0.02
344,79264865,53.010779100000001,5.1867634999999996,-6,-0.029999999999999999,0.12,0.28000000000000003
344,79265034,53.0107833,5.1867660999999998,-7,0.01,0.070000000000000007,0.070000000000000007
344,79265049,53.010776800000002,5.1867611,-5,-0.029999999999999999,-0.02,0.080000000000000002
344,79265066,53.010776,5.1867643000000001,-6,-0.01,-0.13,0.10000000000000001
344,79265178,53.010785800000001,5.1867542999999996,-5,0.050000000000000003,0.070000000000000007,0.22
344,79265193,53.010781299999998,5.1867779000000001,-5,-0.089999999999999997,-0.01,0.10000000000000001
344,79265212,53.010773999999998,5.1867790999999999,-5,-0.20000000000000001,-0.14999999999999999,-0.27000000000000002
344,79265322,53.0107742,5.1867603999999998,-5,0.070000000000000007,0,0.089999999999999997
344,79265337,53.010784999999998,5.1867492000000004,-5,0.14000000000000001,0,-0.029999999999999999
344,79265354,53.010782200000001,5.1867580999999996,-5,0.27000000000000002,0.089999999999999997,0.02
344,79265710,53.010769099999997,5.1867519,-9,-0.059999999999999998,-0.050000000000000003,-0.01
344,79266025,53.010779700000001,5.1867403000000003,-5,-0.13,-0.14000000000000001,-0.080000000000000002
344,79266416,53.010923499999997,5.1867010999999996,12,0,-0.02,0.080000000000000002
344,79266604,53.010766400000001,5.1869604999999996,-1,1.77,-5.3799999999999999,-2.04
344,79266778,53.010872900000003,5.1867238000000002,18,0,-0.029999999999999999,0.14999999999999999
344,79266804,53.010830900000002,5.1867526000000002,13,0.02,-0.02,0.14000000000000001
344,79267046,53.010809700000003,5.1867179999999999,6,-0.080000000000000002,-0.050000000000000003,-0.29999999999999999
344,79267800,53.010694800000003,5.1867812999999998,-8,0.02,0,0.12
344,79267939,53.010705899999998,5.1867326,-9,0.20999999999999999,-0.01,1.0600000000000001
344,79268076,53.0107426,5.1867856999999997,1,-0.089999999999999997,0.040000000000000001,-0.56999999999999995
344,79268089,53.010733000000002,5.1867972,0,-0.14000000000000001,-0.14999999999999999,-0.12
344,79268163,53.010746400000002,5.1868112000000002,0,0,0.01,-0.029999999999999999
344,79268195,53.0107353,5.1867958999999999,0,-0.01,0.01,-0.01
344,79268502,53.010713899999999,5.1867979000000002,-9,0.01,0,0.040000000000000001
344,79268521,53.0107395,5.1868008000000003,0,0.23000000000000001,0.070000000000000007,0.28999999999999998
344,79268537,53.010727600000003,5.1867995000000002,-1,0.37,0.070000000000000007,0.26000000000000001
344,79268553,53.0107201,5.1867976000000002,-4,0.14000000000000001,0.01,0.76000000000000001
344,79268569,53.010723599999999,5.1867986000000004,-2,0.16,0.059999999999999998,0.66000000000000003
344,79268682,53.010696299999999,5.1867904999999999,-9,-0.20999999999999999,0.12,-1.1499999999999999
344,79268697,53.010711899999997,5.1868113999999998,-4,0.40000000000000002,0.029999999999999999,1.4399999999999999
344,79268713,53.010705399999999,5.1868147000000002,-3,0.059999999999999998,0.11,-0.17000000000000001
344,79268730,53.010718199999999,5.1868265999999998,0,0.12,-0.080000000000000002,0.65000000000000002
344,79268746,53.010705700000003,5.1868290000000004,-1,-0.029999999999999999,-0.050000000000000003,-0.11
344,79268762,53.010718400000002,5.1868365000000001,0,0.10000000000000001,0.14000000000000001,0.050000000000000003
344,79268873,53.012256999999998,5.1899927000000003,6,-6.6500000000000004,8.2699999999999996,4.7599999999999998
344,79268889,53.012044699999997,5.1896963999999999,6,1.6299999999999999,-4.8799999999999999,-6.7699999999999996
344,79268905,53.011687100000003,5.1888484999999998,12,-0.20999999999999999,-1.72,0.94999999999999996
344,79268921,53.0114558,5.1884093,23,3.9199999999999999,-0.96999999999999997,-1.4399999999999999
344,79268938,53.011070599999996,5.1876286,16,-0.95999999999999996,-0.54000000000000004,2.77
344,79268953,53.011244900000001,5.1879442999999998,12,-7.8899999999999997,10.460000000000001,2.9300000000000002
344,79269017,53.014119399999998,5.1933096000000001,22,3,-2.3700000000000001,-1.47
344,79269033,53.013269299999997,5.1919449999999996,0,2.6600000000000001,-5.0599999999999996,-1.9299999999999999
344,79269050,53.012747699999998,5.1909754000000001,21,3.6600000000000001,-2.6499999999999999,-1.8799999999999999
344,79269116,53.012860400000001,5.1909292999999996,-8,-0.51000000000000001,-0.33000000000000002,-1.21
344,79269129,53.01285,5.1909270999999997,-10,-0.23000000000000001,-0.27000000000000002,-0.68999999999999995
344,79269145,53.012870599999999,5.1909196,-4,-0.46999999999999997,-0.22,-0.87
344,79269210,53.012869799999997,5.1909435999999998,0,-0.40999999999999998,-0.26000000000000001,-1.0600000000000001
344,79269227,53.0128573,5.1909305999999997,-7,-0.29999999999999999,-0.089999999999999997,-0.96999999999999997
344,79269243,53.013660199999997,5.1926182000000001,0,-7.2999999999999998,7.9900000000000002,5.5999999999999996
344,79269305,53.014626900000003,5.1945034999999997,12,-6.6299999999999999,5.8600000000000003,5.6200000000000001
344,79269321,53.014389700000002,5.1941189000000003,35,2.9700000000000002,-3.2799999999999998,-4.3200000000000003
344,79269337,53.013752599999997,5.1927564000000004,11,6.6200000000000001,-9.25,-6.9900000000000002
344,79269401,53.0134477,5.1921616999999998,32,0.02,-1.1399999999999999,-1.23
344,79269417,53.013139700000004,5.1916243,26,1.1000000000000001,-3.2799999999999998,-4.1699999999999999
344,79269433,53.0131941,5.1915430000000002,12,-5.8799999999999999,5.2199999999999998,3.5499999999999998
344,79269499,53.015552900000003,5.1961019000000004,8,-5.04,6.79,4.1699999999999999
344,79269513,53.015095899999999,5.1954473999999999,21,3.8700000000000001,-4.0499999999999998,-3.0899999999999999
344,79269529,53.014613799999999,5.1944847999999997,21,3.9500000000000002,-4.0999999999999996,-5.1900000000000004
344,79269642,53.015696699999999,5.1961988000000003,21,-0.62,-1,3.0600000000000001
344,79269659,53.015118600000001,5.1955023999999996,29,5.9800000000000004,-5.2599999999999998,-4.2000000000000002
344,79269675,53.0143536,5.1939522,14,2.2799999999999998,-4.9900000000000002,-2.3599999999999999
344,79269689,53.013867400000002,5.1931960999999998,19,3.75,-3.9700000000000002,-5.0700000000000003
344,79269705,53.0133279,5.1920298000000003,23,5.4000000000000004,-4.3499999999999996,-2.1099999999999999
344,79269722,53.012537899999998,5.1904364000000003,8,4.7300000000000004,-7.6799999999999997,-5.5999999999999996
344,79269847,53.006111699999998,5.1779850999999999,7,-3.3100000000000001,1.1899999999999999,3.3100000000000001
344,79269865,53.007726400000003,5.1809481000000002,2,-8.9700000000000006,6.7400000000000002,7.0199999999999996
344,79269881,53.007382100000001,5.1804205000000003,-8,0.050000000000000003,0.12,-0.080000000000000002
344,79269905,53.007393499999999,5.1804269999999999,-6,-0.050000000000000003,-0.050000000000000003,-0.080000000000000002
344,79269935,53.007384700000003,5.1804180999999998,-8,-0.029999999999999999,0,-0.040000000000000001
344,79270072,53.007409000000003,5.1805192,11,0.17999999999999999,-0.029999999999999999,0.12
344,79270092,53.007404800000003,5.1804462999999998,-8,-0.059999999999999998,0.14999999999999999,0.12
344,79270107,53.007377300000002,5.1803831000000002,-11,0.40000000000000002,-0.77000000000000002,-0.81999999999999995
344,79270121,53.007393399999998,5.1804427999999998,-5,-0.26000000000000001,-0.37,-0.73999999999999999
344,79270139,53.007388499999998,5.1804288999999999,-7,0.080000000000000002,-0.13,-0.55000000000000004
344,79270204,53.007382900000003,5.1804421999999999,-4,0.02,0.47999999999999998,0.050000000000000003
344,79270232,53.007381500000001,5.1804239000000001,-8,0.029999999999999999,-0.14000000000000001,0.14999999999999999
344,79270299,53.007395000000002,5.1804208999999997,-5,0.089999999999999997,-0.01,0.37
344,79270314,53.007381600000002,5.1804274000000001,-6,0.22,-0.02,0.33000000000000002
344,79270331,53.007389600000003,5.1804204,-8,-0.85999999999999999,-0.23000000000000001,-0.67000000000000004
344,79270453,53.007396800000002,5.1805002,5,-0.01,-0.02,-0.029999999999999999
344,79270473,53.007387100000003,5.1804300999999997,-4,-0.34000000000000002,-0.29999999999999999,-0.53000000000000003
344,79270596,53.007390399999998,5.1804394,-3,0,0.01,0
344,79270627,53.007392199999998,5.1804807999999998,0,-0.029999999999999999,-0.01,-0.040000000000000001
344,79270862,53.007392199999998,5.1804962999999997,1,-1.3,-1.28,-1.8200000000000001
344,79270988,53.007394599999998,5.1804192000000002,-6,-0.089999999999999997,0.22,-0.20000000000000001
344,79271001,53.0073851,5.1805082000000002,1,0.39000000000000001,0.37,0.17000000000000001
344,79271017,53.007386199999999,5.1804598999999998,0,-0.26000000000000001,-0.54000000000000004,-0.77000000000000002
344,79271270,53.007399800000002,5.1804199000000004,-7,0.02,0.01,0.02
344,79271369,53.007387000000001,5.1805009999999996,2,0.089999999999999997,0.17000000000000001,0.059999999999999998
344,79271385,53.007389400000001,5.1804271000000002,-6,0.080000000000000002,-0.070000000000000007,-0.01
344,79271401,53.007389699999997,5.1804293000000001,-5,0.22,0.01,-0.02
344,79271465,53.007390200000003,5.1804252999999996,-6,0.050000000000000003,0.029999999999999999,0.31
344,79271481,53.007384000000002,5.1804290000000002,-6,0.029999999999999999,-0.11,-0.17999999999999999
344,79271497,53.007389600000003,5.1804319999999997,-5,0.20999999999999999,0.029999999999999999,0.17000000000000001
344,79271561,53.0073899,5.1804332000000004,-6,-0.58999999999999997,-0.58999999999999997,-0.76000000000000001
344,79271577,53.0073887,5.1804337,-6,-0.02,0.13,0
344,79271593,53.007390200000003,5.1804319999999997,-5,0.14000000000000001,0.29999999999999999,0.33000000000000002
344,79271660,53.007393200000003,5.1804256999999998,-6,-0.14000000000000001,-0.20000000000000001,-0.029999999999999999
344,79271673,53.007391400000003,5.1804272999999998,-6,0.10000000000000001,0.12,-0.050000000000000003
344,79271689,53.007389500000002,5.1804357000000003,-4,0.14000000000000001,0.11,0.10000000000000001
344,79271802,53.007394900000001,5.1804347999999996,-4,0.059999999999999998,0,0.059999999999999998
344,79271817,53.007396700000001,5.1804256000000004,-5,0.19,0.13,0.34000000000000002
344,79271833,53.0073674,5.1803273000000001,-4,1.73,-2.9199999999999999,-0.11
344,79271849,53.006751600000001,5.1793158000000004,-2,4.0499999999999998,-4.8799999999999999,-2.8799999999999999
344,79271865,53.006075500000001,5.178115,1,2.75,-3.6499999999999999,-1.1299999999999999
344,79271881,53.005391400000001,5.1766833999999999,-1,4.5199999999999996,-5.1100000000000003,-1.8700000000000001
344,79272031,53.0094767,5.1767203000000004,-12,-9.5299999999999994,-4.1600000000000001,5.3799999999999999
344,79272290,53.020522300000003,5.1508199000000001,-11,-1.96,-6.1100000000000003,2.7999999999999998
344,79272409,53.025031800000001,5.1399327000000001,-9,-3.3700000000000001,-6.0499999999999998,3.8799999999999999
344,79272425,53.025863000000001,5.1386811999999997,-8,-3.6000000000000001,-7.1399999999999997,2.7599999999999998
344,79272441,53.026397600000003,5.1368676999999998,-9,-2.0899999999999999,-8.0999999999999996,1.3799999999999999
344,79272555,53.030017299999997,5.1246336000000001,-7,-1.52,-6.9699999999999998,1.8700000000000001
344,79272569,53.030305800000001,5.1230538000000001,-9,-2.1800000000000002,-7.5300000000000002,1.5700000000000001
344,79272585,53.030736699999999,5.1214402000000003,-7,-3.4700000000000002,-6.5,3.3100000000000001
344,79272746,53.035207700000001,5.1045346,-9,-1.73,-6.8600000000000003,1.26
344,79272761,53.035457600000001,5.1028799999999999,-8,-0.54000000000000004,-8.5,1.23
344,79272777,53.035809800000003,5.1010730000000004,-8,-1.1399999999999999,-7.6500000000000004,1.3300000000000001
344,79272795,53.036286199999999,5.0990453999999996,-10,-1.0900000000000001,-8.3599999999999994,0.89000000000000001
344,79272809,53.036692899999998,5.0976344999999998,-7,-2.4500000000000002,-6.8099999999999996,2.3199999999999998
344,79272825,53.037052299999999,5.0959770000000004,-7,-0.81000000000000005,-6.6699999999999999,1.3400000000000001
344,79272841,53.037350600000003,5.0943316000000003,-8,-1.0700000000000001,-6.9100000000000001,1.8200000000000001
344,79272857,53.0376203,5.0932219999999999,-9,-6.2000000000000002,-0.41999999999999998,2.98
344,79272873,53.037755900000001,5.0927138999999997,-5,-1.02,-1.8700000000000001,0.72999999999999998
344,79272989,53.037823199999998,5.0901183000000003,-3,-0.28000000000000003,-0.87,1.03
344,79273001,53.037872299999997,5.0898500000000002,-9,-0.48999999999999999,-1.1499999999999999,-0.20999999999999999
344,79273017,53.037838600000001,5.0894393000000004,4,2.21,-1.6899999999999999,0.87
344,79273033,53.037960599999998,5.0891278,-13,0.33000000000000002,-1,0.95999999999999996
344,79273050,53.037995799999997,5.0887181000000004,-5,0.17999999999999999,-1.8899999999999999,0.70999999999999996
344,79273065,53.038057700000003,5.0883789000000004,-5,-0.34000000000000002,-2.27,1.0700000000000001
344,79273129,53.038278699999999,5.0880761999999997,-12,0.17000000000000001,0.5,-0.050000000000000003
344,79273145,53.038264900000001,5.0881166999999996,-15,-0.11,0.42999999999999999,-0.13
344,79273161,53.038220699999997,5.0880181999999996,-8,0.66000000000000003,-3.6600000000000001,0.69999999999999996
344,79273228,53.038446999999998,5.0824299999999996,-9,2.4500000000000002,-7.5300000000000002,-0.95999999999999996
344,79273241,53.038200000000003,5.0809196999999999,-2,1.76,-8.5299999999999994,-1.3600000000000001
344,79273257,53.038046100000003,5.0789473999999997,-10,0.28999999999999998,-8.0199999999999996,-0.81999999999999995
344,79273273,53.038128200000003,5.0770039000000002,-17,0.050000000000000003,-7.7699999999999996,0.65000000000000002
344,79273289,53.0383487,5.0751650000000001,-10,-0.17000000000000001,-8.1400000000000006,1.54
344,79273305,53.038376999999997,5.0732293999999998,-12,-0.23999999999999999,-7.5300000000000002,0.72999999999999998
344,79273321,53.038652300000003,5.0713850000000003,-11,0.54000000000000004,-7.5899999999999999,-0.34000000000000002
344,79273338,53.038928499999997,5.0696566000000001,-9,-3.6600000000000001,-4.7800000000000002,3.9700000000000002
344,79273355,53.039117599999997,5.0694948999999996,-8,-0.75,0.64000000000000001,-0.70999999999999996
344,79273369,53.039122599999999,5.0695534999999996,-13,0.40999999999999998,0.57999999999999996,-0.059999999999999998
344,79273385,53.039071800000002,5.0696738999999997,-10,1.2,0.93000000000000005,0.10000000000000001
344,79273401,53.039068800000003,5.0696893000000003,-17,-0.02,-0.13,-0.35999999999999999
344,79273417,53.0390266,5.0697995999999996,-14,0.64000000000000001,0.63,0.29999999999999999
344,79273433,53.038998800000002,5.0698813999999999,-14,0.42999999999999999,0.76000000000000001,-0.22
344,79273449,53.038957199999999,5.0700013000000004,-10,0.93999999999999995,0.69999999999999996,0.5
344,79273563,53.038153200000004,5.0707038000000004,-15,0.14999999999999999,0.44,-0.01
344,79273577,53.038131300000003,5.0708038999999996,-15,0.11,0.54000000000000004,-0.32000000000000001
344,79273593,53.038076599999997,5.0709603000000003,-8,0.38,1.02,-0.17999999999999999
344,79273609,53.038064800000001,5.0710718999999997,-10,0.32000000000000001,0.51000000000000001,0.029999999999999999
344,79273625,53.038120499999998,5.0711271,-13,-2.2999999999999998,-0.88,2.1800000000000002
344,79273641,53.0388193,5.0736084999999997,-6,-5.1200000000000001,12.859999999999999,1.6499999999999999
344,79273705,53.039281199999998,5.0734975999999996,-11,0.63,0.56000000000000005,-0.14000000000000001
344,79273721,53.039253700000003,5.0735302999999998,-9,1.0700000000000001,0.029999999999999999,0.20000000000000001
344,79273737,53.039229800000001,5.0735729999999997,-8,0.62,0.79000000000000004,0.28999999999999998
344,79273753,53.039209499999998,5.0736045000000001,-9,0.37,0.17999999999999999,-0.14000000000000001
344,79273769,53.0391926,5.0736214999999998,-10,0.11,0.17999999999999999,-0.13
344,79273786,53.039170499999997,5.0736378999999996,-9,0.5,0.42999999999999999,-0.070000000000000007
344,79273801,53.039151799999999,5.0736857999999998,-9,0.42999999999999999,0.23000000000000001,-0.050000000000000003
344,79273818,53.039134400000002,5.0737180000000004,-9,0.71999999999999997,0.58999999999999997,-0.050000000000000003
344,79273834,53.039112899999999,5.0737822000000001,-9,0.23000000000000001,-0.080000000000000002,0.080000000000000002
344,79273950,53.039107600000001,5.0722322999999996,-10,-3.0699999999999998,-8.1799999999999997,1.3300000000000001
344,79273977,53.039856899999997,5.0692592000000003,-14,-2.7799999999999998,-7.6299999999999999,2.4199999999999999
344,79273993,53.040158300000002,5.0672961000000001,-10,1.3300000000000001,-9.2300000000000004,1.8899999999999999
344,79274009,53.0404214,5.0660087000000003,-12,-4.3799999999999999,-5.8099999999999996,1.4099999999999999
344,79274025,53.0412477,5.0646814999999998,-9,-4.1799999999999997,-5.4299999999999997,3.8700000000000001
344,79274043,53.041735600000003,5.0627759000000001,-6,-1.05,-7.6699999999999999,0.42999999999999999
344,79274059,53.042092099999998,5.0608500999999997,-8,-1.8400000000000001,-8.0700000000000003,2.6699999999999999
344,79274073,53.042597299999997,5.0593024,-9,-1.8100000000000001,-7.9699999999999998,2.1299999999999999
344,79274089,53.043125500000002,5.0573876000000002,-10,-2.48,-7.9299999999999997,2.3500000000000001
344,79274153,53.045176099999999,5.0500616999999997,-11,-1.3500000000000001,-8.2200000000000006,2.8399999999999999
344,79274169,53.045514599999997,5.0481218999999999,-10,0.19,-8.2899999999999991,1.6599999999999999
344,79274185,53.045912399999999,5.0462242000000002,-8,-2.29,-8.0899999999999999,2.5800000000000001
344,79274201,53.046387299999999,5.0444592999999998,-12,-4.4000000000000004,-5.8300000000000001,3.1200000000000001
344,79274217,53.046925100000003,5.0428158999999999,-8,-0.78000000000000003,-7.2000000000000002,1.8100000000000001
344,79274233,53.047057500000001,5.0412607999999999,-7,-2.1899999999999999,-4.4400000000000004,1.27
344,79274250,53.046899199999999,5.0397759000000004,-11,1.6100000000000001,-6.4299999999999997,-0.54000000000000004
344,79274265,53.046842900000001,5.0387570999999998,-10,-0.77000000000000002,-1.49,0.26000000000000001
344,79274281,53.046807200000003,5.0388061999999998,-9,0.17000000000000001,0.01,-0.089999999999999997
344,79274297,53.046782100000001,5.0388659999999996,-8,0.29999999999999999,0.51000000000000001,0.10000000000000001
344,79274314,53.046751999999998,5.0389252999999998,-8,-0.02,0.14999999999999999,-0.27000000000000002
344,79274329,53.0467358,5.0390011000000001,-8,1.04,0.64000000000000001,0.56999999999999995
344,79274393,53.046636700000001,5.0391927000000001,-13,-0.37,0.029999999999999999,0.01
344,79274409,53.046601899999999,5.0392964999999998,-9,0.44,0.37,0.23000000000000001
344,79274425,53.046586400000002,5.0393166999999996,-12,0.58999999999999997,0.93000000000000005,-0.39000000000000001
344,79274489,53.0465035,5.0395409999999998,-12,0.68999999999999995,1.04,0.28000000000000003
344,79274506,53.0464664,5.0396283999999998,-9,0.68000000000000005,0.78000000000000003,0.02
344,79274522,53.046442599999999,5.0397264000000002,-8,0.52000000000000002,0.34000000000000002,-0.059999999999999998
344,79274537,53.046449500000001,5.0397505000000002,-8,0.12,0.31,0.34000000000000002
344,79274554,53.046424500000001,5.0398224999999996,-8,0.26000000000000001,0.34000000000000002,0.19
344,79274571,53.046411999999997,5.0398702000000002,-10,0.57999999999999996,0.059999999999999998,-0.059999999999999998
344,79274585,53.0463995,5.0399342000000003,-9,0.31,0.28999999999999998,0.66000000000000003
344,79274601,53.046382000000001,5.0399970999999999,-8,0.19,0.23999999999999999,0.46999999999999997
344,79274617,53.046358599999998,5.0400356000000004,-9,0.58999999999999997,0.45000000000000001,-0.48999999999999999
344,79274634,53.0463454,5.0400980999999998,-8,0.41999999999999998,0.68999999999999995,0.050000000000000003
344,79274649,53.046339699999997,5.0401096000000001,-12,0.27000000000000002,0.41999999999999998,0
344,79274666,53.046312100000002,5.0401936000000003,-9,0.22,0.64000000000000001,-0.27000000000000002
344,79274732,53.046205399999998,5.0403779000000002,-11,0.14999999999999999,0.17000000000000001,-0.68000000000000005
344,79274745,53.046193000000002,5.0404020000000003,-12,-0.040000000000000001,-0.17999999999999999,-0.029999999999999999
344,79274762,53.046154799999996,5.0404438999999996,-9,0.25,0.66000000000000003,-0.029999999999999999
344,79274778,53.0461308,5.040483,-11,0.54000000000000004,0.070000000000000007,-0.050000000000000003
344,79274794,53.046095800000003,5.0405496000000003,-7,0.40000000000000002,0.59999999999999998,0.42999999999999999
344,79274810,53.046037699999999,5.0404957000000001,-6,1.55,-3.3500000000000001,-0.17999999999999999
344,79274876,53.044671700000002,5.0384171999999996,-15,0.059999999999999998,0.52000000000000002,-0.17999999999999999
344,79274889,53.044620500000001,5.0385077000000003,-12,0.20000000000000001,0.14999999999999999,-0.14999999999999999
344,79274905,53.043471799999999,5.0386692999999996,-13,8.8499999999999996,-1.7,-5.3499999999999996
344,79274921,53.042857499999997,5.0384760000000002,-7,-0.02,0.45000000000000001,-0.35999999999999999
344,79274937,53.0429113,5.0383978000000003,-11,-0.70999999999999996,0.67000000000000004,0.39000000000000001
344,79274955,53.042362900000001,5.0389112000000003,-8,-0.48999999999999999,-2.7000000000000002,-0.17000000000000001
344,79274969,53.042052900000002,5.0395298999999998,-7,-8.7100000000000009,5.3899999999999997,3.3799999999999999
344,79274985,53.042163199999997,5.0389673999999998,-6,1.54,-2.3900000000000001,-0.66000000000000003
344,79275003,53.042151400000002,5.0396929999999998,-9,3.8900000000000001,12.279999999999999,-6.0300000000000002
344,79275019,53.041936999999997,5.0397350000000003,-13,0.40000000000000002,0.050000000000000003,0.59999999999999998
344,79275034,53.0419038,5.0396242000000004,-9,3.71,-3.1600000000000001,-1.1899999999999999
344,79275050,53.0412161,5.0389480999999998,-2,2.5800000000000001,-2.1899999999999999,-2.54
344,79275066,53.040923499999998,5.0383863,0,3.4199999999999999,-1.1799999999999999,-1.6799999999999999
344,79275083,53.0408507,5.0378350999999997,-8,-1.1899999999999999,-2.9900000000000002,1.76
344,79275099,53.040809199999998,5.0373324000000004,5,0.95999999999999996,-2.0800000000000001,0.66000000000000003
344,79275182,53.041401999999998,5.0356832999999996,-6,0.53000000000000003,-1.49,0.34999999999999998
344,79275231,53.041736200000003,5.0352319999999997,-11,-2.52,-2.27,3.75
344,79275382,53.042253600000002,5.0356021999999996,-2,-0.22,0.059999999999999998,0.27000000000000002
344,79275487,53.042385299999999,5.0358000000000001,-6,0.39000000000000001,0.56000000000000005,-0.98999999999999999
344,79275516,53.042401900000002,5.0358057000000001,-3,-0.28999999999999998,-0.46999999999999997,0.11
344,79275530,53.0424565,5.0354875999999997,-11,0.44,-4.6399999999999997,0.46000000000000002
344,79275596,53.042893300000003,5.0283904000000001,-8,1.8300000000000001,-7.6200000000000001,-0.31
344,79275610,53.043143100000002,5.0269804000000002,-6,-1.21,-7.21,1.2
344,79275692,53.044139600000001,5.0197560000000001,-7,-0.14000000000000001,-8.1799999999999997,0.98999999999999999
344,79275720,53.044886699999999,5.0164739000000003,-8,-2.1600000000000001,-8.5399999999999991,1.3100000000000001
344,79275795,53.046316500000003,5.0093363000000002,-15,-3.9500000000000002,-5.6600000000000001,1.98
344,79275819,53.0475438,5.0070971999999996,-8,-1.3300000000000001,-7.71,2.2799999999999998
344,79275833,53.048328699999999,5.0058461999999997,-7,-3.9199999999999999,-8.0500000000000007,2.79
344,79275910,53.051656999999999,4.9999507000000003,-5,3.7200000000000002,-6.7199999999999998,-2.8900000000000001
344,79275930,53.051665200000002,4.9975699000000002,-5,1.4099999999999999,-8.6300000000000008,-0.13
344,79275947,53.051625299999998,4.9955164999999999,-8,0.040000000000000001,-8.1199999999999992,-0.70999999999999996
344,79275963,53.051608000000002,4.9935529000000001,-6,-1.1299999999999999,-7.3399999999999999,0.46999999999999997
344,79275979,53.051401200000001,4.99146,-4,2.7799999999999998,-8.2100000000000009,-0.40999999999999998
344,79275995,53.0512011,4.9895190999999999,-6,0.54000000000000004,-8.0800000000000001,-0.26000000000000001
344,79276010,53.051079999999999,4.9876638,-3,1.74,-8.1099999999999994,-0.14000000000000001
344,79276026,53.050910100000003,4.9857146999999999,-6,-0.20000000000000001,-8.25,-0.089999999999999997
344,79276089,53.049800500000003,4.9786245999999998,-11,0.089999999999999997,-5.8700000000000001,-2.5499999999999998
344,79276106,53.0494834,4.9774336999999997,-7,0.16,0.029999999999999999,0.01
344,79276123,53.0494488,4.9774301000000003,-4,-0.41999999999999998,-0.029999999999999999,-0.01
344,79276138,53.049476900000002,4.9774436,-6,-0.20999999999999999,0.089999999999999997,0.050000000000000003
344,79276155,53.049456200000002,4.9774289999999999,-4,0.65000000000000002,0.26000000000000001,-0.01
344,79276170,53.049487999999997,4.9774316000000001,-6,0.70999999999999996,-0.48999999999999999,-0.029999999999999999
344,79276468,53.049422399999997,4.9772501,-3,0.16,-0.080000000000000002,0.28999999999999998
344,79276792,53.049441100000003,4.9769760999999999,-7,-0.66000000000000003,0.02,-0.080000000000000002
344,79277113,53.048961800000001,4.9768226999999996,30,0.92000000000000004,-0.029999999999999999,-0.059999999999999998
344,79277444,53.049497000000002,4.9769582999999997,-7,-0.070000000000000007,-0.02,0.029999999999999999
344,79277766,53.0494658,4.9769440999999999,0,0.93999999999999995,-0.050000000000000003,0
344,79278059,53.049422100000001,4.9767536000000003,-7,-0.10000000000000001,0.11,-0.040000000000000001
344,79278355,53.0494184,4.9767869999999998,-10,-0.19,0.02,-0.01
344,79278659,53.049708699999996,4.9766005,-13,0.080000000000000002,-0.02,0.10000000000000001
344,79278963,53.049677500000001,4.9765983,-9,0.029999999999999999,0,-0.040000000000000001
344,79279266,53.049672000000001,4.9765725999999999,-7,0.10000000000000001,0.080000000000000002,0.059999999999999998
344,79279860,53.049728399999999,4.9765759000000003,-16,0.23000000000000001,0.059999999999999998,-0.01
344,79280170,53.049654799999999,4.9765592999999999,-4,-0.040000000000000001,0.01,0.01
344,79280459,53.051307000000001,4.9534241999999997,15,4.2300000000000004,-8.0199999999999996,-4.5899999999999999
344,79280791,53.044935299999999,4.9284132999999999,-29,0.050000000000000003,-7.79,1.8500000000000001
344,79281091,53.054616199999998,4.9178886999999998,-6,-6.5800000000000001,10.960000000000001,4.6200000000000001
344,79281420,53.051897699999998,4.9156737000000001,2,0.79000000000000004,-9.3699999999999992,-0.35999999999999999
344,79281720,53.047050800000001,4.8844865000000004,24,6.4500000000000002,-5.04,-2.6899999999999999
344,79282026,53.0566052,4.8691246000000001,-10,-0.050000000000000003,0.16,-0.040000000000000001
344,79282330,53.056872400000003,4.8690369999999996,-12,-0.14000000000000001,-0.029999999999999999,0.13
344,79282940,53.043472999999999,4.8497551000000003,97,5.5700000000000003,-2.0600000000000001,-0.73999999999999999
344,79283249,53.037639300000002,4.8275039,246,1.71,-7.3399999999999999,0.089999999999999997
344,79283571,53.026074999999999,4.7969153999999996,262,4.8899999999999997,-9.2799999999999994,-6.29
344,79283886,53.014718299999998,4.7663779000000002,111,2.4500000000000002,-2.0800000000000001,1.3400000000000001
344,79284186,53.014637899999997,4.7402572000000003,162,1.5900000000000001,-7.6799999999999997,0
344,79284481,53.008240399999998,4.7181769999999998,-4,0.29999999999999999,0.089999999999999997,0.17000000000000001
344,79285986,53.0082345,4.7181012000000004,-11,0,-0.01,0
