344,79490967,52.999923799999998,4.7144630999999997,-6,7.6799999999999997,-7.4900000000000002,-4.75
344,79491261,52.978303699999998,4.6896813999999996,-7,0.25,0.17999999999999999,0.23000000000000001
344,79491582,52.973792600000003,4.6850398000000002,10,9.9600000000000009,-8.4000000000000004,-6.3600000000000003
344,79491884,52.949501400000003,4.6837144999999998,-5,4.6200000000000001,3.3399999999999999,-5.1799999999999997
344,79492187,52.926856399999998,4.6859526999999996,4,7.2599999999999998,-2.3799999999999999,-5.1399999999999997
344,79492491,52.901020699999997,4.6713933000000001,3,9.6699999999999999,-4.0599999999999996,-6.9299999999999997
344,79492795,52.873185499999998,4.6625192999999996,-4,5.7199999999999998,6.1600000000000001,-5.2400000000000002
344,79493102,52.861885200000003,4.6923991999999997,-2,1.5700000000000001,8,-1.1399999999999999
344,79493402,52.849923699999998,4.7239718999999996,13,1.3700000000000001,7.9900000000000002,-0.85999999999999999
344,79493713,52.835047899999999,4.7588081000000004,20,3.6600000000000001,6.7400000000000002,-2.9900000000000002
344,79494010,52.8255306,4.7971260999999998,6,3.3799999999999999,8.6799999999999997,-3.23
344,79494314,52.811573199999998,4.8349478000000001,14,0.93000000000000005,9.4100000000000001,-1.05
344,79494619,52.7944727,4.8688659999999997,2,2.3599999999999999,9.2400000000000002,-2.8799999999999999
344,79494923,52.769727799999998,4.8900109,10,6.1200000000000001,7.9900000000000002,-4.9699999999999998
344,79495227,52.747698700000001,4.9179843999999999,16,8.5299999999999994,4.1399999999999997,-7.0499999999999998
344,79495531,52.746400600000001,4.9305142999999996,-1,-2.9300000000000002,8.0299999999999994,0.01
344,79495864,52.751674000000001,4.9266576999999998,-11,0,0,0
344,79496171,52.751534399999997,4.9265642999999999,-16,-0.14000000000000001,0.040000000000000001,0.68999999999999995
344,79496479,52.748678200000001,4.9318068999999998,-21,0.14999999999999999,-0.27000000000000002,0.44
344,79496806,52.749173900000002,4.9318109999999997,-2,-0.14000000000000001,-0.33000000000000002,0.14999999999999999
344,79497100,52.749196499999996,4.9313026999999998,-16,0.40000000000000002,0.040000000000000001,0.45000000000000001
344,79497403,52.748813200000001,4.9317285999999996,-7,-0.029999999999999999,-0.20000000000000001,-0.17999999999999999
344,79497707,52.749287099999997,4.9304820999999999,-20,-0.059999999999999998,-0.13,0.40000000000000002
344,79498012,52.749995900000002,4.9306777999999998,-14,-0.63,0.47999999999999998,-0.14999999999999999
344,79498309,52.749765699999998,4.9313820000000002,-2,-0.02,-0.25,0.39000000000000001
344,79498603,52.749670299999998,4.9309776000000003,-11,-0.040000000000000001,-0.080000000000000002,-0.38
344,79498908,52.749354799999999,4.9303470000000003,-2,0.90000000000000002,-0.31,0.050000000000000003
344,79499215,52.742870199999999,4.9163556000000002,-14,0.46999999999999997,0.14999999999999999,0.10000000000000001
344,79499513,52.742772700000003,4.9162543000000003,-2,-0.34999999999999998,-0.25,0.17999999999999999
344,79499819,52.7432424,4.9156706000000003,-2,-0.13,0.059999999999999998,0
344,79500123,52.743213799999999,4.9156293,-3,0.050000000000000003,0.050000000000000003,-0.14999999999999999
344,79500429,52.743219099999997,4.9156750000000002,1,0.01,-0.02,0.11
344,79500732,52.743218800000001,4.9156677999999996,-1,0.26000000000000001,0.10000000000000001,0.69999999999999996
344,79501032,52.750639700000001,4.8894406000000004,50,-3.8700000000000001,-13.27,3.8500000000000001
344,79501323,52.761415599999999,4.8220593000000003,82,-1.6399999999999999,-16.789999999999999,3.3900000000000001
344,79501627,52.774109199999998,4.7474838999999998,93,-2.2000000000000002,-16.289999999999999,2.5499999999999998
344,79501954,52.785758800000004,4.6669685000000003,55,-3.1800000000000002,-15.98,3.0800000000000001
344,79502284,52.764647799999999,4.6166258999999998,38,9.4900000000000002,-9.1400000000000006,-8.0299999999999994
344,79502589,52.735425800000002,4.5964859000000002,39,8.9700000000000006,-4.2400000000000002,-6.3899999999999997
344,79502901,52.717911200000003,4.5942321000000002,3,0.53000000000000003,0.26000000000000001,-0.089999999999999997
344,79503199,52.717149900000003,4.5934723999999996,2,0.56000000000000005,-0.31,0.02
344,79503530,52.716183899999997,4.5928697999999999,0,0.20000000000000001,-0.20000000000000001,-0.11
344,79503841,52.715055,4.5923891000000001,2,0.35999999999999999,-0.080000000000000002,-0.41999999999999998
344,79504147,52.714386599999997,4.5924545999999999,1,0.16,-0.050000000000000003,0.23999999999999999
344,79504447,52.713492000000002,4.5921612999999999,-1,0.42999999999999999,0,-0.14000000000000001
344,79504751,52.712402500000003,4.5913351000000002,-5,0.28999999999999998,-0.16,-0.10000000000000001
344,79505063,52.7114251,4.5912663,-7,0.01,-0.040000000000000001,-0.02
344,79505420,52.7069847,4.5920652000000004,-10,7.1200000000000001,2.6899999999999999,-5.8399999999999999
344,79505756,52.700739499999997,4.5926818999999997,-8,0.29999999999999999,0.14999999999999999,-0.20999999999999999
344,79506070,52.699737800000001,4.5925317000000003,-9,0.26000000000000001,0.11,-0.23000000000000001
344,79506379,52.698634800000001,4.5918472000000001,-9,0.38,-0.12,-0.31
344,79506685,52.697578700000001,4.5907156000000002,-4,0.23000000000000001,-0.17000000000000001,-0.02
344,79506987,52.696241399999998,4.5898513000000003,-8,0.53000000000000003,-0.10000000000000001,0.40000000000000002
344,79507295,52.691276000000002,4.5916404999999996,-12,0.28999999999999998,-0.11,0.14000000000000001
344,79507596,52.690414400000002,4.5913459000000003,-17,1.23,-0.17000000000000001,0.84999999999999998
344,79507900,52.689472600000002,4.5911308999999996,-23,-1.0600000000000001,-0.12,-1.22
344,79508204,52.688378899999996,4.5908110999999998,-17,1.26,0.28999999999999998,0.81999999999999995
344,79508509,52.687363300000001,4.590541,-23,0.81999999999999995,0.14999999999999999,0.029999999999999999
344,79508812,52.686180999999998,4.5905763000000004,-19,1.0900000000000001,0.29999999999999999,0.070000000000000007
344,79509121,52.685114400000003,4.5899596000000003,-23,-0.56000000000000005,-0.080000000000000002,-0.80000000000000004
344,79509413,52.6840361,4.5889156,-19,0.070000000000000007,-0.48999999999999999,-0.38
344,79509705,52.682846099999999,4.5879082999999996,-16,0.51000000000000001,0.02,-0.28000000000000003
344,79510021,52.681704600000003,4.5874457,-21,0.38,-0.22,-0.20999999999999999
344,79510317,52.680432600000003,4.5872932999999998,-16,0,-0.29999999999999999,-0.059999999999999998
344,79510626,52.6791257,4.5871434999999998,-6,-0.22,-0.20999999999999999,-0.46000000000000002
344,79510937,52.677916199999999,4.5867823000000003,8,0.68999999999999995,-0.20999999999999999,0.39000000000000001
344,79511257,52.676870600000001,4.5854711000000004,-2,0.23999999999999999,-0.20000000000000001,-0.22
344,79511566,52.675617799999998,4.5848972000000003,-9,0.54000000000000004,-0.10000000000000001,-0.28000000000000003
344,79511870,52.674184799999999,4.5847949999999997,-10,0.48999999999999999,-0.19,0.040000000000000001
344,79512165,52.673172299999997,4.5840518000000001,-8,0.60999999999999999,0.059999999999999998,-0.17999999999999999
344,79512454,52.671972599999997,4.5831580000000001,-1,0.76000000000000001,-0.56000000000000005,-0.19
344,79512868,52.673004300000002,4.5577278000000003,-12,0.44,-0.34000000000000002,-0.23000000000000001
344,79513193,52.685955399999997,4.5121414,16,-8.5399999999999991,-6.25,6.9500000000000002
344,79513537,52.683949900000002,4.5093908000000003,10,0.77000000000000002,3.79,-1.04
344,79513839,52.6817937,4.5101243000000002,13,1.51,-10.960000000000001,-0.25
344,79514143,52.693596100000001,4.4901739000000003,4,2.6200000000000001,6.6799999999999997,-3.6200000000000001
344,79514449,52.702010899999998,4.4972608000000003,33,4.3899999999999997,0.39000000000000001,-2.9300000000000002
344,79514751,52.699493400000001,4.4987076000000004,8,1.78,6.1600000000000001,-0.44
344,79515053,52.7204069,4.4855625999999997,21,-4.5,-11.699999999999999,2.4300000000000002
344,79515371,52.730891200000002,4.4815443000000004,12,-4.7000000000000002,5.8399999999999999,2.4199999999999999
344,79515681,52.746816500000001,4.4730689000000003,23,-1.02,-12.210000000000001,1.8
344,79515982,52.7485657,4.4643043999999996,25,4.1100000000000003,-7.2699999999999996,-1.73
344,79516317,52.746669900000001,4.4653858,9,-0.56999999999999995,6.1299999999999999,0.27000000000000002
344,79516633,52.744070800000003,4.4552547999999996,9,4.8200000000000003,-2.8599999999999999,-3.4100000000000001
344,79516933,52.732415600000003,4.4418011000000002,5,-5.2400000000000002,-8.6699999999999999,5.6500000000000004
344,79517243,52.722096200000003,4.4367016000000001,13,3.5099999999999998,4.2300000000000004,-2.8199999999999998
344,79517564,52.713559199999999,4.4371995000000002,19,-3.71,6.1900000000000004,3.0499999999999998
344,79517880,52.6982614,4.4376315000000002,16,0.31,7.04,-0.29999999999999999
344,79518067,52.6893137,4.4447614,2,5.9100000000000001,2.4900000000000002,-3.4500000000000002
344,79518084,52.688367399999997,4.4454342999999996,4,-0.75,7.8300000000000001,-0.5
344,79518206,52.682215399999997,4.4531533000000003,-11,3.3500000000000001,5.8899999999999997,-2.79
344,79518228,52.681949400000001,4.4534053,-9,0.63,0.040000000000000001,-0.34999999999999998
344,79518520,52.681545100000001,4.4514034000000002,-16,-0.14000000000000001,-0.70999999999999996,-0.23999999999999999
344,79518840,52.681041399999998,4.4496074999999999,-3,0.20999999999999999,-0.26000000000000001,0.14999999999999999
344,79519112,52.680739899999999,4.4478906,-11,0.16,-0.42999999999999999,-0.29999999999999999
344,79519124,52.680683700000003,4.4478296000000004,-10,0.85999999999999999,-0.14999999999999999,0.029999999999999999
344,79519140,52.680675299999997,4.4477643000000002,-5,0.28000000000000003,-0.34999999999999998,0.12
344,79519208,52.680489600000001,4.4473827000000004,-10,0.41999999999999998,-0.37,0.47999999999999998
344,79519222,52.680490800000001,4.4472952000000001,-5,0.29999999999999999,-0.40999999999999998,-0.029999999999999999
344,79519236,52.680420499999997,4.4471872000000001,-14,0.42999999999999999,-0.46000000000000002,0.13
344,79519351,52.680371800000003,4.4464664999999997,-3,0.29999999999999999,-0.41999999999999998,-0.32000000000000001
344,79519366,52.680370500000002,4.4463603000000003,-7,0.35999999999999999,-0.55000000000000004,0.14999999999999999
344,79519382,52.6803527,4.4462476999999998,-3,0.45000000000000001,-0.56000000000000005,0.02
344,79519493,52.6802469,4.4505439000000004,-8,-2.5499999999999998,8.5600000000000005,1.4099999999999999
344,79519510,52.680746999999997,4.4526231999999997,9,-1.6599999999999999,8.6799999999999997,1.4399999999999999
344,79519525,52.681061700000001,4.4544727999999996,14,-4.1600000000000001,7.8600000000000003,3
344,79519663,52.681445199999999,4.4707955999999998,11,-2.1400000000000001,11.119999999999999,-2.1499999999999999
344,79519920,52.677179899999999,4.4924480999999998,14,3.1600000000000001,4.6699999999999999,-2.6499999999999999
344,79520395,52.684204800000003,4.5151513000000003,24,-9.0800000000000001,-2.46,7.3200000000000003
344,79520421,52.685626399999997,4.5181144,21,-2.8100000000000001,8.5,2.23
344,79520536,52.688271999999998,4.5294607999999998,25,-7.7400000000000002,6.54,5.8300000000000001
344,79520549,52.688829200000001,4.5309065000000004,22,-0.5,7.3799999999999999,-0.40999999999999998
344,79520565,52.688132099999997,4.5314807000000004,17,3.71,0.67000000000000004,-3
344,79520581,52.687925999999997,4.5329701,13,1.45,5.8899999999999997,-1.28
344,79520597,52.687800600000003,4.5347514000000002,-1,4.9699999999999998,1.6899999999999999,-4.2000000000000002
344,79520612,52.687742200000002,4.5339163999999998,3,-6.5499999999999998,-3.2000000000000002,5.4900000000000002
344,79520680,52.688031299999999,4.5362543999999998,9,-0.67000000000000004,-8.7300000000000004,0.73999999999999999
344,79520692,52.687643899999998,4.5356253999999998,9,4.71,2.25,-3.3100000000000001
344,79520709,52.688506799999999,4.5368519999999997,4,-8.4199999999999999,-0.62,5.8200000000000003
344,79520772,52.692658299999998,4.5403921,2,4.8600000000000003,2.4100000000000001,-2.6400000000000001
344,79520788,52.692203399999997,4.5409740000000003,3,-7.8600000000000003,6.5599999999999996,5.0599999999999996
344,79520804,52.6926937,4.5418383000000002,7,4.3200000000000003,-0.02,-3.5899999999999999
344,79520872,52.6913263,4.5409857999999996,-4,0.10000000000000001,-0.27000000000000002,0.37
344,79520885,52.691315500000002,4.5409511,-4,-0.040000000000000001,-0.26000000000000001,-0.48999999999999999
344,79520902,52.691282299999997,4.5409015000000004,-5,0.040000000000000001,-0.28999999999999998,-0.02
344,79521061,52.691001200000002,4.5428661999999997,13,2.0099999999999998,-7.4500000000000002,-0.19
344,79521076,52.6908314,4.5437038000000003,2,4.2699999999999996,-4.0599999999999996,-3.1499999999999999
344,79521092,52.690284300000002,4.5434773000000002,-5,0.13,-0.47999999999999998,0
344,79521110,52.690260600000002,4.5434307,-9,0.20000000000000001,-0.17999999999999999,0.01
344,79521125,52.690125799999997,4.5425975999999997,-2,4.8499999999999996,-1.3899999999999999,-2.75
344,79521142,52.690214099999999,4.5440522999999997,-2,-3.1800000000000002,8.1199999999999992,1.74
344,79521156,52.6911901,4.5439512999999998,0,-6.6100000000000003,-5.1799999999999997,5.0700000000000003
344,79521172,52.6910241,4.5442989999999996,0,5.25,2.77,-4.6799999999999997
344,79521188,52.690064999999997,4.5440551999999999,-1,4.3799999999999999,2.8500000000000001,-3.52
344,79521304,52.688981300000002,4.5440814999999999,1,1.75,9.3399999999999999,-2.9100000000000001
344,79521316,52.688539599999999,4.5450913000000002,-4,2.79,4.2400000000000002,-3.2799999999999998
344,79521334,52.688393699999999,4.5449691000000003,0,0.059999999999999998,-0.42999999999999999,0.17000000000000001
344,79521350,52.688320500000003,4.5451338000000003,-3,1.0800000000000001,4.3600000000000003,0.16
344,79521364,52.687950999999998,4.5458036999999996,0,-4.7599999999999998,6.5700000000000003,3.8399999999999999
344,79521380,52.689205200000004,4.5447844000000002,0,-6.1100000000000003,-5.9699999999999998,4.2599999999999998
344,79521448,52.689526899999997,4.5425760000000004,-5,0.32000000000000001,-0.029999999999999999,0.059999999999999998
344,79521461,52.689500099999997,4.5425430000000002,-4,0.39000000000000001,-0.22,0.32000000000000001
344,79521477,52.689490999999997,4.5424948000000001,-3,0.22,-0.10000000000000001,-0.040000000000000001
344,79521639,52.688571600000003,4.5414092000000004,4,3.7400000000000002,0.040000000000000001,-3.2000000000000002
344,79521652,52.688729799999997,4.5428566000000004,3,-4.4000000000000004,7.3499999999999996,3.1000000000000001
344,79521669,52.689067199999997,4.5443524999999996,4,4.6500000000000004,-0.28000000000000003,-2.6099999999999999
344,79521686,52.688452400000003,4.5432899000000004,8,2.8300000000000001,-5.4800000000000004,-1.5600000000000001
344,79521701,52.688096999999999,4.542656,0,-4.0599999999999996,-2.0600000000000001,2.3100000000000001
344,79521718,52.6885166,4.5427767000000001,0,2.1099999999999999,6.2599999999999998,-1
344,79521732,52.6878125,4.5426326000000001,-1,4.1799999999999997,0.89000000000000001,-2.8799999999999999
344,79521748,52.687929199999999,4.5414561999999998,5,4.5599999999999996,0.70999999999999996,-2.54
344,79521765,52.688459399999999,4.5430615999999997,3,-7,5.2999999999999998,5.7199999999999998
344,79521781,52.688040700000002,4.5443278999999999,-22,3.4700000000000002,1.97,-7.7199999999999998
344,79521796,52.688886699999998,4.5428426999999996,5,-4.8700000000000001,-5.5599999999999996,5.2300000000000004
344,79521812,52.689162500000002,4.5433082000000002,3,-0.25,8.2799999999999994,0.02
344,79521879,52.6887835,4.5420543000000002,4,4.0199999999999996,2.29,-3.9199999999999999
344,79521892,52.688177500000002,4.5417265999999996,8,4.4199999999999999,1.3,-3.3700000000000001
344,79521922,52.689155700000001,4.5424422,5,-8.25,1.0900000000000001,6.5999999999999996
344,79521941,52.6907414,4.5421722999999998,7,-8.3100000000000005,-0.75,6.4299999999999997
344,79521957,52.690677700000002,4.5410659999999998,5,4.2599999999999998,2.7400000000000002,-3.71
344,79521973,52.689956000000002,4.5416974000000003,8,2.1099999999999999,7.0099999999999998,-2.2400000000000002
344,79521989,52.6892529,4.5422435999999999,7,5.1100000000000003,-1.1799999999999999,-4.5199999999999996
344,79522005,52.688414199999997,4.5424521999999996,7,5.0499999999999998,-1.9399999999999999,-4.4199999999999999
344,79522022,52.688230099999998,4.5419404999999999,2,2.5899999999999999,6.5,-2.2000000000000002
344,79522038,52.687671000000002,4.5410934000000003,-4,-0.79000000000000004,-7.3799999999999999,-0.55000000000000004
344,79522053,52.687571699999999,4.5409174999999999,-2,0.53000000000000003,-0.089999999999999997,0.13
344,79522069,52.687555500000002,4.5408669000000002,0,-0.20999999999999999,-0.25,0.13
344,79522087,52.687574499999997,4.5407995999999997,-4,-0.32000000000000001,-0.35999999999999999,0.12
344,79522102,52.687287300000001,4.5409777,-4,0.23000000000000001,-0.25,-0.38
344,79522214,52.687311600000001,4.5405319999999998,-2,0.20999999999999999,-0.19,-0.12
344,79522230,52.687296500000002,4.5404787999999998,0,0.14999999999999999,-0.38,-0.040000000000000001
344,79522245,52.687328700000002,4.5404347999999999,-1,-0.19,0.02,-0.11
344,79522310,52.6872702,4.5403102999999998,0,-0.48999999999999999,-0.13,0.17000000000000001
344,79522326,52.687283100000002,4.5402452000000002,0,-0.51000000000000001,-0.14000000000000001,-0.059999999999999998
344,79522343,52.687277700000003,4.5402013999999999,0,0.17999999999999999,0.01,-0.14000000000000001
344,79522465,52.687245300000001,4.5399265,1,0.070000000000000007,-0.14999999999999999,0.11
344,79522489,52.687241899999997,4.5398687999999998,1,-0.11,-0.01,0.40999999999999998
344,79522519,52.687236900000002,4.5397813999999999,-1,0.10000000000000001,-0.089999999999999997,-0.01
344,79522534,52.6872246,4.5397436000000004,-2,-0.19,-0.28999999999999998,0.02
344,79522550,52.687271299999999,4.5397192000000004,-1,0,-0.12,-0.02
344,79522664,52.686345099999997,4.5398104000000004,-3,4.7000000000000002,-0.51000000000000001,-4.21
344,79522676,52.686169100000001,4.5398068,-3,-1.55,-6.0599999999999996,0.29999999999999999
344,79522695,52.686025100000002,4.5398069000000003,-4,0.20000000000000001,-0.23000000000000001,0.059999999999999998
344,79522709,52.686007199999999,4.5397958999999997,-4,0.38,-0.22,0.39000000000000001
344,79522726,52.6859951,4.5397768000000003,-3,-0.51000000000000001,-0.32000000000000001,0.22
344,79522742,52.686031,4.5397327000000001,-2,-0.17999999999999999,-0.11,-0.050000000000000003
344,79522808,52.685737199999998,4.5408290999999998,7,-6.46,7.0199999999999996,4.7800000000000002
344,79522821,52.686859900000002,4.5415184000000002,5,-8.5299999999999994,-3.7400000000000002,5.6699999999999999
344,79522840,52.686142799999999,4.5414243000000001,5,4.7699999999999996,1.4299999999999999,-5.4699999999999998
344,79522854,52.6858687,4.5403757999999996,7,-2.0699999999999998,-6.3899999999999997,1.6599999999999999
344,79522870,52.685911900000001,4.5397411999999999,4,-4.29,10.890000000000001,2.27
344,79522886,52.686148299999999,4.5417129999999997,7,-7.9100000000000001,2.8900000000000001,6.1299999999999999
344,79522902,52.687333799999998,4.5413304999999999,10,-7.4800000000000004,1.3999999999999999,6.1900000000000004
344,79522917,52.687151700000001,4.5423758999999997,5,4.6500000000000004,-3.2599999999999998,-5.1900000000000004
344,79522934,52.6864396,4.5415592,6,3.77,-3.8999999999999999,-2.8100000000000001
344,79522996,52.6856382,4.5415200999999996,9,-7.7999999999999998,1.4199999999999999,6.0300000000000002
344,79523014,52.687223000000003,4.5418509,11,-7.9299999999999997,3.7200000000000002,6.7699999999999996
344,79523029,52.6881488,4.5416521999999997,5,-3.3100000000000001,-6.0599999999999996,2.98
344,79523045,52.688987500000003,4.5405277999999996,7,-7.5800000000000001,-1.6299999999999999,6.6399999999999997
344,79523062,52.689197,4.5415793000000004,11,5.6500000000000004,0.84999999999999998,-4.0199999999999996
344,79523078,52.688176599999998,4.5420426999999997,10,5.4000000000000004,0.82999999999999996,-4.0099999999999998
344,79523094,52.6872276,4.5423875000000002,7,5.4199999999999999,0.57999999999999996,-4.5700000000000003
344,79523110,52.686319500000003,4.5419881000000002,4,4.8499999999999996,-4.0099999999999998,-3.6499999999999999
344,79523125,52.6856942,4.5414706999999996,4,-0.070000000000000007,-6.2199999999999998,0.59999999999999998
344,79523192,52.684812899999997,4.5378103999999997,-3,-1.7,-6.3300000000000001,0
344,79523206,52.684771300000001,4.5374368,-3,-0.20000000000000001,-0.14999999999999999,0.47999999999999998
344,79523220,52.684759100000001,4.5374542,0,-0.22,-0.070000000000000007,-0.059999999999999998
344,79523287,52.684620299999999,4.5361229999999999,0,-1.49,-5.54,1.98
344,79523300,52.684201199999997,4.5353928000000003,2,-1.0800000000000001,-6.5700000000000003,0.84999999999999998
344,79523316,52.684393300000004,4.5339026000000002,5,0.52000000000000002,-6.54,-0.40999999999999998
344,79523333,52.683958099999998,4.5325914000000003,11,5.29,-0.17999999999999999,-4.0499999999999998
344,79523349,52.683297199999998,4.5331612999999997,9,4.21,-5.8399999999999999,-1.74
344,79523365,52.682673299999998,4.5325803000000002,9,4.5899999999999999,6.1399999999999997,-3.5499999999999998
344,79523431,52.680079900000003,4.5383655000000003,13,0.80000000000000004,9.2100000000000009,-1.1899999999999999
344,79523445,52.679598300000002,4.5399573999999996,15,3.9500000000000002,5.5499999999999998,-2.6600000000000001
344,79523461,52.678660200000003,4.5410054000000004,16,5.3499999999999996,1.1899999999999999,-3.4399999999999999
344,79523478,52.677778600000003,4.5408191000000002,9,5.4800000000000004,2.8300000000000001,-4.3300000000000001
344,79523493,52.676873899999997,4.5409762999999996,8,4.3899999999999997,-3.0299999999999998,-2.7999999999999998
344,79523509,52.676560000000002,4.5397746000000003,6,4.4800000000000004,-2.5499999999999998,-3.5600000000000001
344,79523526,52.676576799999999,4.5382971000000003,2,-3.5899999999999999,-5.4100000000000001,3.2000000000000002
344,79523542,52.676281899999999,4.5371180000000004,5,4.4400000000000004,-3.1600000000000001,-3.29
344,79523558,52.675537800000001,4.5364151000000001,-6,1.6200000000000001,-3.8100000000000001,-2.0800000000000001
344,79523680,52.6756697,4.5360728999999997,-5,0.31,0.029999999999999999,-0.070000000000000007
344,79523705,52.675660100000002,4.5360369,0,1.1299999999999999,0.38,0.25
344,79523767,52.675761799999997,4.5358881000000002,0,0.19,-0.050000000000000003,0.40999999999999998
344,79523783,52.675764399999998,4.5358798,0,-0.12,0.089999999999999997,0.040000000000000001
344,79523798,52.675749600000003,4.5358887000000001,4,0.040000000000000001,-0.32000000000000001,0.22
344,79523881,52.675250400000003,4.5355648000000004,1,4.2199999999999998,-2.7400000000000002,-3.1099999999999999
344,79523892,52.674811599999998,4.5352964,-5,-0.14000000000000001,-0.20999999999999999,-0.059999999999999998
344,79524160,52.675219200000001,4.5348383999999999,-2,-0.040000000000000001,-0.070000000000000007,-0.02
344,79524586,52.675961800000003,4.5343606000000003,-7,-0.20000000000000001,-0.070000000000000007,0.34000000000000002
344,79524955,52.676886699999997,4.5337933000000001,-5,-0.32000000000000001,-0.12,0.27000000000000002
344,79525273,52.674922600000002,4.5197107000000001,4,0.45000000000000001,-8.4199999999999999,0.29999999999999999
344,79525572,52.6750489,4.5142467999999996,-8,-0.14000000000000001,0.089999999999999997,0.41999999999999998
344,79525919,52.670003899999998,4.5102376,-16,-1.3200000000000001,-1.1599999999999999,-2.8500000000000001
344,79526713,52.674368899999997,4.5111034999999999,-13,-0.59999999999999998,0.050000000000000003,0.11
344,79527382,52.677749800000001,4.5098981,-13,-0.55000000000000004,0.10000000000000001,0.47999999999999998
344,79527678,52.675256599999997,4.5116985999999999,12,6.8499999999999996,3.9399999999999999,-1.95
344,79527769,52.672092200000002,4.5100631,21,1.3799999999999999,-5.5599999999999996,1.1499999999999999
344,79527781,52.671882400000001,4.5090142999999996,13,2.7200000000000002,-6.3300000000000001,-1.0600000000000001
344,79527798,52.671264899999997,4.5075738999999997,-9,2.79,-5.5999999999999996,-0.62
344,79528095,52.673086699999999,4.5073565000000002,-13,-0.27000000000000002,0.59999999999999998,0.96999999999999997
344,79528417,52.675165700000001,4.5076007999999996,-18,-0.79000000000000004,0,0.48999999999999999
344,79528536,52.676207300000002,4.5077765000000003,-15,-0.58999999999999997,0.040000000000000001,0.88
344,79528550,52.676316999999997,4.5078185,-16,0.19,0.78000000000000003,1.45
344,79528566,52.676458599999997,4.507854,-13,-0.91000000000000003,-0.25,-0.089999999999999997
344,79528680,52.677480099999997,4.5081132999999998,-12,-0.46000000000000002,0.070000000000000007,0.93000000000000005
344,79528694,52.677585999999998,4.5081500999999999,-11,-0.47999999999999998,0.089999999999999997,0.93999999999999995
344,79528710,52.677726999999997,4.5081534999999997,-15,-0.46000000000000002,0.070000000000000007,0.46999999999999997
344,79528824,52.678760500000003,4.5085617999999998,-12,-0.89000000000000001,0.26000000000000001,0.51000000000000001
344,79528837,52.6788794,4.5085845999999998,-12,-0.92000000000000004,0.35999999999999999,0.75
344,79528854,52.678837299999998,4.5085728999999999,-11,-0.66000000000000003,0.029999999999999999,0.52000000000000002
344,79529281,52.698461299999998,4.5707117999999998,14,-6.6299999999999999,13.42,4.7699999999999996
344,79529397,52.707491699999999,4.5947450999999999,38,-7.2199999999999998,15.16,4.29
344,79529414,52.708614400000002,4.5989829000000002,48,-6.1900000000000004,17.559999999999999,3.0600000000000001
344,79529430,52.709423600000001,4.6028102000000004,45,-8.6899999999999995,15.779999999999999,4.5300000000000002
344,79529495,52.713093899999997,4.6188380999999996,41,-6.0899999999999999,16.57,2.8199999999999998
344,79529509,52.713903899999998,4.6220587999999996,51,-7.0300000000000002,16.140000000000001,5.3499999999999996
344,79529525,52.715235700000001,4.6259342999999999,21,-9.1699999999999999,13.140000000000001,6.0800000000000001
344,79529592,52.718699100000002,4.6398587999999998,7,5.1399999999999997,4.0999999999999996,-5.2300000000000004
344,79529606,52.718648899999998,4.6394054000000002,-16,-0.01,-0.050000000000000003,0.080000000000000002
344,79529621,52.718627300000001,4.6393728999999997,-16,0.059999999999999998,-0.059999999999999998,0.34999999999999998
344,79529637,52.718621400000004,4.6393643000000004,-17,0.070000000000000007,-0.23999999999999999,0.56999999999999995
344,79529656,52.7186132,4.6393776000000004,-12,0.20999999999999999,0.25,0.32000000000000001
344,79529670,52.718618499999998,4.639367,-12,-0.10000000000000001,-0.10000000000000001,-0.44
344,79529783,52.7186016,4.6394812999999999,-13,-0.48999999999999999,0.19,-0.10000000000000001
344,79529799,52.718581700000001,4.6394507000000003,-9,0.42999999999999999,-0.40000000000000002,0.16
344,79529814,52.718636500000002,4.6394427,-10,-0.68000000000000005,0.14999999999999999,-0.60999999999999999
344,79529880,52.718615499999999,4.6394333000000003,-7,0.40000000000000002,0.02,-0.31
344,79529894,52.718624900000002,4.6394409000000003,-11,0.17000000000000001,0.040000000000000001,0.13
344,79529911,52.718603600000002,4.6394647000000004,-12,-0.089999999999999997,-0.12,-0.059999999999999998
344,79530027,52.718694599999999,4.6395533999999996,-13,0.57999999999999996,-0.11,0.53000000000000003
344,79530061,52.718626200000003,4.6395751000000001,-8,-0.17999999999999999,0.10000000000000001,-1.28
344,79530101,52.7186758,4.6395049999999998,-12,0.12,0.089999999999999997,0.10000000000000001
344,79530447,52.729876599999997,4.6456499999999998,6,-7.4000000000000004,-1.48,6.2000000000000002
344,79530762,52.740690700000002,4.6557124999999999,-13,0.34999999999999998,0.12,0.10000000000000001
344,79530840,52.746147000000001,4.6570828999999998,-13,-13.24,7.4699999999999998,7.0499999999999998
344,79530853,52.747446199999999,4.6575651000000002,-8,-4.4100000000000001,-3.6699999999999999,5.7000000000000002
344,79530870,52.748852999999997,4.6581063,0,-4.6799999999999997,-3.75,2.73
344,79530985,52.751403699999997,4.6648560999999997,-16,0.02,0.17999999999999999,-0.13
344,79531012,52.751393800000002,4.6648364000000004,-14,0.5,0.32000000000000001,0.44
344,79531350,52.751395500000001,4.6649330999999998,-9,-0.01,0.13,-0.19
344,79531649,52.751351700000001,4.6648677999999997,0,0.02,0.23000000000000001,0.080000000000000002
344,79531971,52.751362100000001,4.6648424000000004,-5,0.25,0.029999999999999999,0.10000000000000001
344,79532234,52.751375500000002,4.6648499000000001,-7,0.040000000000000001,0.01,0.02
344,79532261,52.7513158,4.6648394,1,0.22,-0.20000000000000001,-0.11
344,79532277,52.751344500000002,4.6648462999999998,-3,0.46999999999999997,-0.22,0.11
344,79532408,52.751384199999997,4.6648373000000003,-9,0.44,0.070000000000000007,0.14999999999999999
344,79532421,52.751338599999997,4.6648392999999997,-1,0.25,-0.089999999999999997,0.12
344,79532534,52.751260000000002,4.6648662999999999,10,-0.28999999999999998,0.02,-0.10000000000000001
344,79532549,52.751375600000003,4.66486,-6,-0.34999999999999998,0.16,-0.26000000000000001
344,79532565,52.7513687,4.6648453999999999,-5,-0.02,0.070000000000000007,-0.01
344,79532629,52.751332400000003,4.6648228999999999,-1,0.02,-0.02,0.01
344,79532645,52.751380099999999,4.6648569999999996,-6,-0.35999999999999999,-0.02,-0.01
344,79532661,52.751374800000001,4.6648582999999997,-5,-0.080000000000000002,0.050000000000000003,0.25
344,79532783,52.751337599999999,4.6648429,-3,0.029999999999999999,0.14999999999999999,-0.11
344,79532817,52.751367600000002,4.6648471999999996,-4,0.46000000000000002,0.050000000000000003,0.22
344,79532920,52.751345999999998,4.6648418999999999,-3,-0.070000000000000007,0,-0.059999999999999998
344,79532933,52.7512975,4.664847,4,1.27,0.050000000000000003,0.40999999999999998
344,79532949,52.751335699999998,4.6648420000000002,-1,0.60999999999999999,0.14999999999999999,0.20000000000000001
344,79533023,52.751311399999999,4.6648389999999997,1,0.02,0,0
344,79533055,52.751306999999997,4.6648551999999999,2,0.029999999999999999,0,0.01
344,79533167,52.751336899999998,4.6648414999999996,-1,-0.01,0,0
344,79533199,52.751320900000003,4.6648407000000001,0,-0.02,0,0
344,79533414,52.751308199999997,4.6648453999999999,1,0.20999999999999999,0.01,0.050000000000000003
344,79533721,52.7512793,4.6648417999999996,5,0.13,0.01,0.029999999999999999
344,79534003,52.750643599999997,4.6647562999999996,7,1.04,0.16,0.19
344,79534021,52.750663199999998,4.6647585999999999,5,0.20000000000000001,-0.16,0
344,79534367,52.750122400000002,4.6645475999999997,-4,-0.59999999999999998,0.14999999999999999,-0.040000000000000001
344,79534540,52.750964699999997,4.6647204999999996,-6,-1.8400000000000001,0.56000000000000005,-0.35999999999999999
344,79534845,52.751036200000001,4.6648120999999998,-14,0.040000000000000001,-0.02,0.02
344,79535128,52.751020599999997,4.6647790999999996,-10,0.52000000000000002,0.029999999999999999,0.20000000000000001
344,79535142,52.751019300000003,4.6648021999999996,-11,-0.81000000000000005,0.050000000000000003,0.029999999999999999
344,79535159,52.751030900000003,4.6648135999999996,-14,-0.02,-0.10000000000000001,-0.02
344,79535797,52.790625599999998,4.6710180000000001,13,-8.1099999999999994,5.1900000000000004,5.3600000000000003
344,79536096,52.815001600000002,4.6739179999999996,14,-7.8499999999999996,5.79,5.0700000000000003
344,79536398,52.839977400000002,4.6933933999999997,11,-7.0499999999999998,0.80000000000000004,6.1200000000000001
344,79536694,52.866850900000003,4.7044693000000004,2,-8.9600000000000009,-0.82999999999999996,6.8200000000000003
344,79536990,52.893197100000002,4.7137245999999999,0,-4.7999999999999998,12.69,2.1699999999999999
344,79537330,52.9231093,4.7196384,17,-5.0300000000000002,-4.71,6.3200000000000003
344,79537631,52.946685899999999,4.7361351000000003,31,-7.46,11.69,4.4400000000000004
344,79537941,52.955868600000002,4.7602301000000002,101,-1.48,-5.2400000000000002,2.6499999999999999
344,79538052,52.960111300000001,4.7632732999999998,90,-9.5,7.71,5.0700000000000003
344,79538079,52.962474,4.7668790000000003,68,-8.1799999999999997,10.58,4.7999999999999998
344,79538412,52.977576399999997,4.7838149999999997,-7,-0.54000000000000004,1.02,0.23000000000000001
344,79538448,52.977765300000002,4.7843030999999998,-8,-0.29999999999999999,0.73999999999999999,0.26000000000000001
344,79538713,52.978826400000003,4.7880858000000002,-8,-0.34999999999999998,0.88,0.23000000000000001
344,79538747,52.978795699999999,4.7885527000000003,10,-0.31,0.93000000000000005,0.37
344,79539027,52.979680399999999,4.7929073000000004,4,-0.37,0.97999999999999998,0.26000000000000001
344,79539361,52.991024400000001,4.8309058,15,-7.75,8.6600000000000001,5.5300000000000002
344,79539648,53.006110499999998,4.8556013,-5,-5.1799999999999997,-0.73999999999999999,5.9100000000000001
344,79539802,53.016179399999999,4.8469403,21,-4.0499999999999998,-4.9000000000000004,4.5999999999999996
344,79539892,53.021777800000002,4.8401953999999998,11,-4.96,-6.3099999999999996,3.8100000000000001
344,79539920,53.0230921,4.8374609,51,-4.5499999999999998,-6.2300000000000004,3.3399999999999999
344,79540031,53.029435300000003,4.8287902999999996,-3,-7.1600000000000001,-4.9900000000000002,5.3799999999999999
344,79540063,53.031530699999998,4.8269415999999996,-6,-4.3700000000000001,-4.4000000000000004,3.6800000000000002
344,79540095,53.031565000000001,4.8268772999999996,10,-0.11,-0.02,0.01
344,79540416,53.031615199999997,4.8268925999999999,1,-0.28999999999999998,-0.080000000000000002,-0.12
344,79540720,53.031633100000001,4.8269107,0,0.17000000000000001,0.080000000000000002,0.050000000000000003
344,79541022,53.031630100000001,4.8268949000000001,0,0.20999999999999999,0.17000000000000001,0
344,79541326,53.031635100000003,4.8268991999999997,0,0.11,-0.070000000000000007,-0.02
344,79541629,53.031621199999996,4.8268443999999997,1,0.14999999999999999,0.16,0.02
344,79541800,53.026956599999998,4.8159017999999998,25,5.6600000000000001,-6.5599999999999996,-3.3700000000000001
344,79541817,53.026084099999999,4.8145781000000003,3,6.4100000000000001,-5.1500000000000004,-5.7000000000000002
344,79541829,53.025190299999998,4.8134180999999998,3,7.2199999999999998,-6.1600000000000001,-5.2699999999999996
344,79541904,53.018884399999997,4.8053432999999997,1,5.4800000000000004,-5.6200000000000001,-4.6100000000000003
344,79541925,53.0173846,4.8034895999999998,6,6.2599999999999998,-5.5899999999999999,-6.7199999999999998
344,79542092,53.005801200000001,4.7877445999999999,4,4.3899999999999997,-7.5599999999999996,-1.97
344,79542118,53.0057039,4.7850215,23,1.5800000000000001,-7.46,1.47
344,79542134,53.005652300000001,4.7833164000000004,30,4.1200000000000001,-5.7000000000000002,-2.8300000000000001
344,79542249,53.005004399999997,4.7752321999999996,2,-3.6899999999999999,-5.2699999999999996,3.04
344,79542261,53.005667600000002,4.7740622000000004,5,-4.3600000000000003,-7.3399999999999999,3.79
344,79542277,53.005983999999998,4.7720555999999998,9,0.17000000000000001,-9.5800000000000001,0.32000000000000001
344,79542293,53.0059921,4.7698556999999999,5,1.05,-8.75,-0.75
344,79542310,53.0064378,4.7679149000000001,0,-4.3200000000000003,-5.0599999999999996,3.54
344,79542325,53.007129800000001,4.7663080000000004,2,-1.6100000000000001,-8.4700000000000006,2.2999999999999998
344,79542437,53.008885800000002,4.7537700999999997,21,2.75,-7.7000000000000002,-3.7000000000000002
344,79542453,53.008775399999998,4.7517852999999999,10,3.3500000000000001,-7.0999999999999996,-0.28000000000000003
344,79542470,53.008878500000002,4.7499520000000004,24,1.9299999999999999,-7.46,0.22
344,79542486,53.008137099999999,4.7481127000000001,13,3.1200000000000001,-8.7200000000000006,-3.75
344,79542502,53.007348499999999,4.7463972999999999,9,5.9100000000000001,-6.1699999999999999,-2.3599999999999999
344,79542518,53.006795599999997,4.7446871000000002,13,-1.6200000000000001,-7.1799999999999997,1.8100000000000001
344,79542633,53.005710200000003,4.7320532000000002,19,-1.5700000000000001,-7.2999999999999998,0.78000000000000003
344,79542646,53.006055400000001,4.7304243000000001,13,-2.4500000000000002,-8.4800000000000004,2.0899999999999999
344,79542661,53.006191399999999,4.7286656999999996,13,-2.4300000000000002,-7.6900000000000004,2.6400000000000001
344,79542679,53.006473900000003,4.7264489000000003,11,-0.23999999999999999,-8.7799999999999994,1.1000000000000001
344,79542693,53.006869299999998,4.7246790000000001,2,-5.6100000000000003,-8.5999999999999996,3.8300000000000001
344,79542709,53.007213,4.7227443999999998,5,-3.0299999999999998,-7.8899999999999997,3.4300000000000002
344,79542825,53.008228899999999,4.7181842999999999,-3,-0.059999999999999998,0.28999999999999998,0.080000000000000002
344,79542838,53.0081664,4.7181470000000001,-6,-0.17000000000000001,-0.23999999999999999,-0.28000000000000003
344,79542853,53.008187700000001,4.7181867000000004,-3,0.29999999999999999,0.23999999999999999,-0.65000000000000002
344,79544690,53.0082345,4.7181508000000001,0,-0.17999999999999999,0.059999999999999998,-0.02
